19
2
320 285 380 285 600
380 285 320 285 600
2
320 365 380 365 600
380 365 320 365 600
2
380 325 320 325 600
320 325 380 325 600
2
380 405 320 405 600
320 405 380 405 600
2
440 325 500 325 600
500 325 440 325 600
2
440 405 500 405 600
500 405 440 405 600
2
500 285 440 285 600
440 285 500 285 600
2
500 365 440 365 600
440 365 500 365 600
2
300 405 240 405 600
240 405 300 405 600
2
300 485 240 485 600
240 485 300 485 600
2
240 445 300 445 600
300 445 240 445 600
2
520 405 580 405 600
580 405 520 405 600
2
520 485 580 485 600
580 485 520 485 600
2
580 445 520 445 600
520 445 580 445 600
2
330 535 330 475 600
330 475 330 535 600
2
410 535 410 475 600
410 475 410 535 600
2
490 535 490 475 600
490 475 490 535 600
2
370 475 370 535 600
370 535 370 475 600
2
450 475 450 535 600
450 535 450 475 600









