67
250 285
250 325
250 365
250 405
290 285
290 325
290 365
290 405
330 285
330 325
330 365
330 405
370 285
370 325
370 365
370 405
410 285
410 325
410 365
410 405
450 285
450 325
450 365
450 405
490 285
490 325
490 365
490 405
530 285
530 325
530 365
530 405
570 285
570 325
570 365
570 405
610 285
610 325
610 365
610 405
270 305
270 345
270 385
310 305
310 345
310 385
350 305
350 345
350 385
390 305
390 345
390 385
430 305
430 345
430 385
470 305
470 345
470 385
510 305
510 345
510 385
550 305
550 345
550 385
590 305
590 345
590 385
