7
4
210 165 330 165 900
330 165 330 285 900
330 285 210 285 900
210 285 210 165 900
4
210 285 330 285 900
330 285 330 405 900
330 405 210 405 900
210 405 210 285 900
4
210 405 330 405 900
330 405 330 525 900
330 525 210 525 900
210 525 210 405 900
4
450 165 570 165 900
570 165 570 285 900
570 285 450 285 900
450 285 450 165 900
4
450 285 570 285 900
570 285 570 405 900
570 405 450 405 900
450 405 450 285 900
4
450 405 570 405 900 
570 405 570 525 900
570 525 450 525 900
450 525 450 405 900
4
330 205 450 205 900
450 205 450 485 2100
450 485 330 485 900
330 485 330 205 2100
