11
4
370 285 490 285 1101
490 285 490 405 1101
490 405 370 405 1101
370 405 370 285 1101
4
490 285 490 405 1101
490 405 370 405 1101
370 405 370 285 1101
370 285 490 285 1101
4
490 405 370 405 1101
370 405 370 285 1101
370 285 490 285 1101
490 285 490 405 1101
4
370 405 370 285 1101
370 285 490 285 1101
490 285 490 405 1101
490 405 370 405 1101
5
410 285 490 285 734
490 285 490 405 1101
490 405 370 405 1101
370 405 370 285 1101
370 285 410 285 367
5
450 285 490 285 367
490 285 490 405 1101
490 405 370 405 1101
370 405 370 285 1101
370 285 450 285 734
5
490 325 490 405 734
490 405 370 405 1101
370 405 370 285 1101
370 285 490 285 1101
490 285 490 325 367
5
490 365 490 405 367
490 405 370 405 1101
370 405 370 285 1101
370 285 490 285 1101
490 285 490 365 734
5
450 405 370 405 734
370 405 370 285 1101
370 285 490 285 1101
490 285 490 405 1101
490 405 450 405 367
5
410 405 370 405 367
370 405 370 285 1101
370 285 490 285 1101
490 285 490 405 1101
490 405 410 405 734
5
370 365 370 285 734
370 285 490 285 1101
490 285 490 405 1101
490 405 370 405 1101
370 405 370 365 367



