12
2
210 195 210 495 900
210 495 210 195 900
2
290 195 290 495 900
290 495 290 195 900
2
370 195 370 495 900
370 495 370 195 900
2
450 195 450 495 900
450 495 450 195 900
2
530 195 530 495 900
530 495 530 195 900
2
610 195 610 495 900
610 495 610 195 900
2
250 495 250 195 900
250 195 250 495 900
2
330 495 330 195 900
330 195 330 495 900
2
410 495 410 195 900
410 195 410 495 900
2
490 495 490 195 900
490 195 490 495 900
2
570 495 570 195 900
570 195 570 495 900
2
650 495 650 195 900
650 195 650 495 900


