20
4
130 245 170 245 450
170 245 170 285 450
170 285 130 285 450
130 285 130 245 450
4
130 325 170 325 450
170 325 170 365 450
170 365 130 365 450
130 365 130 325 450
4
130 405 170 405 450
170 405 170 445 450
170 445 130 445 450
130 445 130 405 450
4
210 245 250 245 450
250 245 250 285 450
250 285 210 285 450
210 285 210 245 450
4
210 325 250 325 450
250 325 250 365 450
250 365 210 365 450
210 365 210 325 450
4
210 405 250 405 450
250 405 250 445 450
250 445 210 445 450
210 445 210 405 450
4
290 405 330 405 450
330 405 330 445 450
330 445 290 445 450
290 445 290 405 450
4
370 245 410 245 450
410 245 410 285 450
410 285 370 285 450
370 285 370 245 450
4
370 325 410 325 450
410 325 410 365 450
410 365 370 365 450
370 365 370 325 450
4
370 405 410 405 450
410 405 410 445 450
410 445 370 445 450
370 445 370 405 450
4
450 245 490 245 450
490 245 490 285 450
490 285 450 285 450
450 285 450 245 450
4
450 325 490 325 450
490 325 490 365 450
490 365 450 365 450
450 365 450 325 450
4
450 405 490 405 450
490 405 490 445 450
490 445 450 445 450
450 445 450 405 450
4
530 245 570 245 450
570 245 570 285 450
570 285 530 285 450
530 285 530 245 450
4
610 245 650 245 450
650 245 650 285 450
650 285 610 285 450
610 285 610 245 450
4
610 325 650 325 450
650 325 650 365 450
650 365 610 365 450
610 365 610 325 450
4
610 405 650 405 450
650 405 650 445 450
650 445 610 445 450
610 445 610 405 450
4
690 245 730 245 450
730 245 730 285 450
730 285 690 285 450
690 285 690 245 450
4
690 325 730 325 450
730 325 730 365 450
730 365 690 365 450
690 365 690 325 450
4
690 405 730 405 450
730 405 730 445 450
730 445 690 445 450
690 445 690 405 450