13
2
290 445 290 245 2000
290 245 290 445 2000
2
410 445 410 245 2000
410 245 410 445 2000
2
530 445 530 245 2000
530 245 530 445 2000
2
650 445 650 245 2000
650 245 650 445 2000
2
770 445 770 245 2000
770 245 770 445 2000
2
290 245 410 245 1200
410 245 290 245 1200
2
290 365 410 365 1200
410 365 290 365 1200
2
530 245 650 245 1200
650 245 530 245 1200
2
530 365 650 365 1200
650 365 530 365 1200
2
410 325 530 325 1200
530 325 410 325 1200
2
410 445 530 445 1200
530 445 410 445 1200
2
650 325 770 325 1200
770 325 650 325 1200
2
650 445 770 445 1200
770 445 650 445 1200


