12
2
250 235 250 455 1000
250 455 250 235 1000
2
330 235 330 455 1000
330 455 330 235 1000
2
410 235 410 455 1000
410 455 410 235 1000
2
490 235 490 455 1000
490 455 490 235 1000
2
570 235 570 455 1000
570 455 570 235 1000
2
290 455 290 235 1000
290 235 290 455 1000
2
370 455 370 235 1000
370 235 370 455 1000
2
450 455 450 235 1000
450 235 450 455 1000
2
530 455 530 235 1000
530 235 530 455 1000
2
610 455 610 235 1000
610 235 610 455 1000
2
240 325 620 325 1800
620 325 240 325 1800
2
620 365 240 365 1800
240 365 620 365 1800
