20
4
130 245 170 245 450 0 0
170 245 170 285 450 0 0
170 285 130 285 450 0 0
130 285 130 245 450 0 0
4
130 325 170 325 450 0 0
170 325 170 365 450 0 0
170 365 130 365 450 0 0
130 365 130 325 450 0 0
4
130 405 170 405 450 0 0
170 405 170 445 450 0 0
170 445 130 445 450 0 0
130 445 130 405 450 0 0
4
210 245 250 245 450 0 0
250 245 250 285 450 0 0
250 285 210 285 450 0 0
210 285 210 245 450 0 0
4
210 325 250 325 450 0 0
250 325 250 365 450 0 0
250 365 210 365 450 0 0
210 365 210 325 450 0 0
4
210 405 250 405 450 0 0
250 405 250 445 450 0 0
250 445 210 445 450 0 0
210 445 210 405 450 0 0
4
290 405 330 405 450 0 0
330 405 330 445 450 0 0
330 445 290 445 450 0 0
290 445 290 405 450 0 0
4
370 245 410 245 450 0 0
410 245 410 285 450 0 0
410 285 370 285 450 0 0
370 285 370 245 450 0 0
4
370 325 410 325 450 0 0
410 325 410 365 450 0 0
410 365 370 365 450 0 0
370 365 370 325 450 0 0
4
370 405 410 405 450 0 0
410 405 410 445 450 0 0
410 445 370 445 450 0 0
370 445 370 405 450 0 0
4
450 245 490 245 450 0 0
490 245 490 285 450 0 0
490 285 450 285 450 0 0
450 285 450 245 450 0 0
4
450 325 490 325 450 0 0
490 325 490 365 450 0 0
490 365 450 365 450 0 0
450 365 450 325 450 0 0
4
450 405 490 405 450 0 0
490 405 490 445 450 0 0
490 445 450 445 450 0 0
450 445 450 405 450 0 0
4
530 245 570 245 450 0 0
570 245 570 285 450 0 0
570 285 530 285 450 0 0
530 285 530 245 450 0 0
4
610 245 650 245 450 0 0
650 245 650 285 450 0 0
650 285 610 285 450 0 0
610 285 610 245 450 0 0
4
610 325 650 325 450 0 0
650 325 650 365 450 0 0
650 365 610 365 450 0 0
610 365 610 325 450 0 0
4
610 405 650 405 450 0 0
650 405 650 445 450 0 0
650 445 610 445 450 0 0
610 445 610 405 450 0 0
4
690 245 730 245 450 0 0
730 245 730 285 450 0 0
730 285 690 285 450 0 0
690 285 690 245 450 0 0
4
690 325 730 325 450 0 0
730 325 730 365 450 0 0
730 365 690 365 450 0 0
690 365 690 325 450 0 0
4
690 405 730 405 450 0 0
730 405 730 445 450 0 0
730 445 690 445 450 0 0
690 445 690 405 450 0 0