12
2
210 235 210 455 1100 0 0
210 455 210 235 1100 0 0
2
290 235 290 455 1100 0 0
290 455 290 235 1100 0 0
2
370 235 370 455 1100 0 0
370 455 370 235 1100 0 0
2
450 235 450 455 1100 0 0
450 455 450 235 1100 0 0
2
530 235 530 455 1100 0 0
530 455 530 235 1100 0 0
2
610 235 610 455 1100 0 0
610 455 610 235 1100 0 0
2
250 455 250 235 1100 0 0
250 235 250 455 1100 0 0
2
330 455 330 235 1100 0 0
330 235 330 455 1100 0 0
2
410 455 410 235 1100 0 0
410 235 410 455 1100 0 0
2
490 455 490 235 1100 0 0
490 235 490 455 1100 0 0
2
570 455 570 235 1100 0 0
570 235 570 455 1100 0 0
2
650 455 650 235 1100 0 0
650 235 650 455 1100 0 0


