20
2
50 275 50 535 1300 0 0
50 535 50 275 1300 0 0
2
90 535 90 275 1300 0 0
90 275 90 535 1300 0 0
2
130 275 130 535 1300 0 0
130 535 130 275 1300 0 0
2
170 435 170 535 500 0 0
170 535 170 435 500 0 0
2
210 155 210 535 1900 0 0
210 535 210 155 1900 0 0
2
250 535 250 155 1900 0 0
250 155 250 535 1900 0 0
2
290 155 290 535 1900 0 0
290 535 290 155 1900 0 0
2
330 155 330 255 500 0 0
330 255 330 155 500 0 0
2
370 155 370 535 1900 0 0
370 535 370 155 1900 0 0
2
410 535 410 155 1900 0 0
410 155 410 535 1900 0 0
2
450 155 450 535 1900 0 0
450 535 450 155 1900 0 0
2
490 435 490 535 500 0 0
490 535 490 435 500 0 0
2
530 155 530 535 1900 0 0
530 535 530 155 1900 0 0
2
570 535 570 155 1900 0 0
570 155 570 535 1900 0 0
2
610 155 610 535 1900 0 0
610 535 610 155 1900 0 0
2
650 155 650 255 500 0 0
650 255 650 155 500 0 0
2
690 255 690 155 500 0 0
690 155 690 255 500 0 0
2
730 155 730 415 1300 0 0
730 415 730 155 1300 0 0
2
770 415 770 155 1300 0 0
770 155 770 415 1300 0 0
2
810 155 810 415 1300 0 0
810 415 810 155 1300 0 0