41
2
430 345 0 360 5000 1 0
430 345 360 0 5000 1 0
2
430 345 0 360 5000 1 20
430 345 360 0 5000 1 20
2
430 345 0 360 5000 1 40
430 345 360 0 5000 1 40
2
430 345 0 360 5000 1 60
430 345 360 0 5000 1 60
2
430 345 0 360 5000 1 80
430 345 360 0 5000 1 80
2
430 345 0 360 5000 1 100
430 345 360 0 5000 1 100
2
430 345 0 360 5000 1 120
430 345 360 0 5000 1 120
2
430 345 0 360 5000 1 140
430 345 360 0 5000 1 140
2
430 345 0 360 5000 1 160
430 345 360 0 5000 1 160
2
430 345 0 360 5000 1 180
430 345 360 0 5000 1 180
2
430 345 0 360 5000 1 200
430 345 360 0 5000 1 200
2
430 345 -90 270 5000 1 20
430 345 270 -90 5000 1 20
2
430 345 -90 270 5000 1 40
430 345 270 -90 5000 1 40
2
430 345 -90 270 5000 1 60
430 345 270 -90 5000 1 60
2
430 345 -90 270 5000 1 80
430 345 270 -90 5000 1 80
2
430 345 -90 270 5000 1 100
430 345 270 -90 5000 1 100
2
430 345 -90 270 5000 1 120
430 345 270 -90 5000 1 120
2
430 345 -90 270 5000 1 140
430 345 270 -90 5000 1 140
2
430 345 -90 270 5000 1 160
430 345 270 -90 5000 1 160
2
430 345 -90 270 5000 1 180
430 345 270 -90 5000 1 180
2
430 345 -90 270 5000 1 200
430 345 270 -90 5000 1 200
2
430 345 -180 180 5000 1 20
430 345 180 -180 5000 1 20
2
430 345 -180 180 5000 1 40
430 345 180 -180 5000 1 40
2
430 345 -180 180 5000 1 60
430 345 180 -180 5000 1 60
2
430 345 -180 180 5000 1 80
430 345 180 -180 5000 1 80
2
430 345 -180 180 5000 1 100
430 345 180 -180 5000 1 100
2
430 345 -180 180 5000 1 120
430 345 180 -180 5000 1 120
2
430 345 -180 180 5000 1 140
430 345 180 -180 5000 1 140
2
430 345 -180 180 5000 1 160
430 345 180 -180 5000 1 160
2
430 345 -180 180 5000 1 180
430 345 180 -180 5000 1 180
2
430 345 -180 180 5000 1 200
430 345 180 -180 5000 1 200
2
430 345 -270 90 5000 1 20
430 345 90 -270 5000 1 20
2
430 345 -270 90 5000 1 40
430 345 90 -270 5000 1 40
2
430 345 -270 90 5000 1 60
430 345 90 -270 5000 1 60
2
430 345 -270 90 5000 1 80
430 345 90 -270 5000 1 80
2
430 345 -270 90 5000 1 100
430 345 90 -270 5000 1 100
2
430 345 -270 90 5000 1 120
430 345 90 -270 5000 1 120
2
430 345 -270 90 5000 1 140
430 345 90 -270 5000 1 140
2
430 345 -270 90 5000 1 160
430 345 90 -270 5000 1 160
2
430 345 -270 90 5000 1 180
430 345 90 -270 5000 1 180
2
430 345 -270 90 5000 1 200
430 345 90 -270 5000 1 200