12
2
210 195 210 495 900 0 0
210 495 210 195 900 0 0
2
290 195 290 495 900 0 0
290 495 290 195 900 0 0
2
370 195 370 495 900 0 0
370 495 370 195 900 0 0
2
450 195 450 495 900 0 0
450 495 450 195 900 0 0
2
530 195 530 495 900 0 0
530 495 530 195 900 0 0
2
610 195 610 495 900 0 0
610 495 610 195 900 0 0
2
250 495 250 195 900 0 0
250 195 250 495 900 0 0
2
330 495 330 195 900 0 0
330 195 330 495 900 0 0
2
410 495 410 195 900 0 0
410 195 410 495 900 0 0
2
490 495 490 195 900 0 0
490 195 490 495 900 0 0
2
570 495 570 195 900 0 0
570 195 570 495 900 0 0
2
650 495 650 195 900 0 0
650 195 650 495 900 0 0


