7
4
210 165 330 165 900 0 0
330 165 330 285 900 0 0
330 285 210 285 900 0 0
210 285 210 165 900 0 0
4
210 285 330 285 900 0 0
330 285 330 405 900 0 0
330 405 210 405 900 0 0
210 405 210 285 900 0 0
4
210 405 330 405 900 0 0
330 405 330 525 900 0 0
330 525 210 525 900 0 0
210 525 210 405 900 0 0
4
450 165 570 165 900 0 0
570 165 570 285 900 0 0
570 285 450 285 900 0 0
450 285 450 165 900 0 0
4
450 285 570 285 900 0 0
570 285 570 405 900 0 0
570 405 450 405 900 0 0
450 405 450 285 900 0 0
4
450 405 570 405 900 0 0 
570 405 570 525 900 0 0
570 525 450 525 900 0 0
450 525 450 405 900 0 0
4
330 205 450 205 900 0 0
450 205 450 485 2100 0 0
450 485 330 485 900 0 0
330 485 330 205 2100 0 0
