10
2
250 275 250 415 700 0 0
250 415 250 275 700 0 0
2
330 275 330 415 700 0 0
330 415 330 275 700 0 0
2
410 275 410 415 700 0 0
410 415 410 275 700 0 0
2
490 275 490 415 700 0 0
490 415 490 275 700 0 0
2
570 275 570 415 700 0 0
570 415 570 275 700 0 0
2
290 415 290 275 700 0 0
290 275 290 415 700 0 0
2
370 415 370 275 700 0 0
370 275 370 415 700 0 0
2
450 415 450 275 700 0 0
450 275 450 415 700 0 0
2
530 415 530 275 700 0 0
530 275 530 415 700 0 0
2
610 415 610 275 700 0 0
610 275 610 415 700 0 0