19
2
320 285 380 285 600 0 0
380 285 320 285 600 0 0
2
320 365 380 365 600 0 0
380 365 320 365 600 0 0
2
380 325 320 325 600 0 0
320 325 380 325 600 0 0
2
380 405 320 405 600 0 0
320 405 380 405 600 0 0
2
440 325 500 325 600 0 0
500 325 440 325 600 0 0
2
440 405 500 405 600 0 0
500 405 440 405 600 0 0
2
500 285 440 285 600 0 0
440 285 500 285 600 0 0
2
500 365 440 365 600 0 0
440 365 500 365 600 0 0
2
300 405 240 405 600 0 0
240 405 300 405 600 0 0
2
300 485 240 485 600 0 0
240 485 300 485 600 0 0
2
240 445 300 445 600 0 0
300 445 240 445 600 0 0
2
520 405 580 405 600 0 0
580 405 520 405 600 0 0
2
520 485 580 485 600 0 0
580 485 520 485 600 0 0
2
580 445 520 445 600 0 0
520 445 580 445 600 0 0
2
330 535 330 475 600 0 0
330 475 330 535 600 0 0
2
410 535 410 475 600 0 0
410 475 410 535 600 0 0
2
490 535 490 475 600 0 0
490 475 490 535 600 0 0
2
370 475 370 535 600 0 0
370 535 370 475 600 0 0
2
450 475 450 535 600 0 0
450 535 450 475 600 0 0









