25
4
90 245 130 245 150 0 0
130 245 130 285 150 0 0
130 285 90 285 150 0 0
90 285 90 245 150 0 0
4
90 485 130 485 150 0 0
130 485 130 525 150 0 0
130 525 90 525 150 0 0
90 525 90 485 150 0 0
4
250 245 290 245 150 0 0
290 245 290 285 150 0 0
290 285 250 285 150 0 0
250 285 250 245 150 0 0
4
250 485 290 485 150 0 0
290 485 290 525 150 0 0
290 525 250 525 150 0 0
250 525 250 485 150 0 0
4
410 165 450 165 150 0 0
450 165 450 205 150 0 0
450 205 410 205 150 0 0
410 205 410 165 150 0 0
4
570 165 610 165 150 0 0
610 165 610 205 150 0 0
610 205 570 205 150 0 0
570 205 570 165 150 0 0
4
570 405 610 405 150 0 0
610 405 610 445 150 0 0
610 445 570 445 150 0 0
570 445 570 405 150 0 0
4
730 165 770 165 150 0 0
770 165 770 205 150 0 0
770 205 730 205 150 0 0
730 205 730 165 150 0 0
4
600 475 710 475 410 0 0
710 475 710 515 150 0 0
710 515 710 475 150 0 0
710 475 600 475 410 0 0
4
450 265 450 365 410 0 0
450 365 410 365 150 0 0
410 365 450 365 150 0 0
450 365 450 265 410 0 0
1
130 345 130 345 100 0 0
1
90 425 90 425 100 0 0
1
190 245 190 245 100 0 0
1
190 485 190 485 100 0 0
1
250 185 250 185 100 0 0
1
250 425 250 425 100 0 0
1
310 405 310 405 100 0 0
1
350 205 350 205 100 0 0
1
370 445 370 445 100 0 0
1
410 265 410 265 100 0 0
1
570 345 570 345 100 0 0
1
570 505 570 505 100 0 0
1
610 265 610 265 100 0 0
1
670 205 670 205 100 0 0
1
730 265 730 265 100 0 0








